21    13020102
72    14080101
5     13010005
39    13010002
38    14080102
86    13010001
48    13010004
74    14020003
1     14080105
0     14080107
82    14080201
71    14080104
34    14080202
70    14080203
83    14030002
84    14030003
59    14020006
25    14030005
3     14020002
49    11020001
65    14020001
54    10190001
50    14010004
51    14010003
52    14010002
77    10190004
42    14010001
20    14050001
26    14030004
2     14020005
73    14020004
85    14030001
19    14010005
60    14050006
37    14050007
61    14050005
4     14050002
35    14060010
27    14050003
18    14040109
36    14040106
67    10180001
66    10180002
87    10190002
22    10190005
78    10190006
55    10190007